1701
654
1700
656
1701
655
1701
1388
1700
0
0
442
1700
363
1701
499
1701
845
1699
0
0
557
0
0
0
0
0
0
934
507
1700
558
1699
0
0
447
1699
0
0
485
1700
537
1704
551
1699
406
0
0
0
0
0
0
1494
0
0
633
1700
265
1699
786
1701
654
1700
599
1695
585
1700
365
1700
591
1700
0
0
0
0
568
0
0
0
0
0
0
1495
600
1701
364
1702
0
0
303
1700
0
0
283
1698
656
1702
0
0
402
1700
0
0
326
1701
0
0
438
0
0
0
0
0
0
0
0
700
304
1701
873
1701
350
1700
366
1700
0
0
277
1700
448
1700
458
1700
513
1702
384
1700
443
1699
0
0
400
1699
739
1698
0
0
0
0
294
1699
0
0
174
1698
427
1701
0
0
210
1700
0
0
188
1700
384
1689
378
1701
362
0
0
0
0
698
480
1701
0
0
197
1700
0
0
149
0
0
0
0
961
779
1701
0
0
399
1700
0
0
240
1701
0
0
126
1701
0
0
372
1702
655
1701
514
1700
0
0
131
1698
0
0
326
1699
606
0
0
0
0
0
0
0
0
471
653
1699
681
1701
0
0