1703
656
1699
658
1700
657
1701
1385
1700
272
0
441
1701
365
1699
500
1701
843
1699
538
0
558
1488
20
320
20
1438
19
934
509
1698
559
1700
509
0
445
1699
906
0
487
1702
537
1701
552
1703
403
931
20
1430
21
319
18
1493
1030
0
636
1700
265
1699
788
1699
655
1700
598
1697
587
1699
364
1699
591
1699
1222
0
374
0
566
933
18
1430
19
315
18
1497
598
1702
360
1702
410
0
303
1700
372
0
281
1700
658
1702
937
0
407
1701
786
0
324
1701
840
0
434
716
19
315
20
1493
21
873
19
697
303
1700
877
1701
349
1700
366
1700
754
0
274
1699
445
1703
457
1699
513
1701
385
1699
443
1701
787
0
401
1701
738
1700
205
0
537
0
292
1700
511
0
173
1702
427
1700
641
0
207
1701
872
0
194
1698
383
1689
379
1702
363
699
19
1374
19
699
480
1701
512
0
198
1700
413
0
153
512
18
1449
20
960
777
1701
641
0
400
1701
640
0
241
1699
748
0
124
1700
875
0
371
1701
654
1700
517
1699
511
0
131
1701
638
0
327
1700
1024
1048
20
318
19
1429
18
931
19
474
656
1700
390
1700
447
1699
330
0
