2404
1742
2409
1742
2414
1742
2402
1740
2407
1740
2402
1740
2399
1742
2410
1743
2418
1740
2406
1529
2402
359
2399
1478
2389
973
2408
1739
2395
1742
2402
1739
2408
1741
2413
1740
2414
1739
2403
974
2397
1469
2394
357
2400
1534
2398
1740
2408
1741
2395
1741
2406
1743
2406
1739
2409
1740
2413
1740
2401
1741
2404
973
2405
1472
2404
358
2402
1537
2402
1740
2413
1740
2398
1739
2406
1744
2396
1740
2406
1740
2412
1742
2408
741
2401
356
2386
1536
2399
914
2399
737
2408
1740
2414
1740
2405
1740
2412
1742
2405
1741
2408
1740
2407
1745
2400
1741
2403
1741
2399
1741
2389
1743
2406
1740
2406
1740
2395
1743
2399
1741
2406
1742
2399
1741
2404
1728
2408
1740
2403
739
2403
1415
2408
739
2399
1741
2402
1739
2403
552
2406
1489
2409
1002
2410
1740
2412
1742
2410
1740
2427
1739
2407
1740
2397
1740
2415
1740
2420
1740
2409
1741
2415
1088
2406
360
2406
1470
2399
972
2408
513
2403
1740
2394
1739
2411
1741
2407
0
2408
0
2397
0
2415
0
2410
0
2408
0
2402
0
2392
0
2388
0
2402
0
2410
0
2409
0
2400
0
2411
0
2415
0
2402
0
2404
0
2402
0
2409
0
2394
0
2399
0
2415
0
2393
0
2400
0
2405
0
2397
0
2401
0
2407
0
2412
0
2407
0
2408
0
2395
0
2408
0
2413
0
2414
0
2414
0
2411
0
2417
0
2408
0
2403
0
