2378
1740
2394
1742
2395
1742
2394
1740
2386
1741
2384
1741
2387
1741
2396
1741
2398
1740
2391
1530
2392
357
2398
1479
2391
973
2394
1740
2380
1741
2392
1742
2398
1743
2391
1744
2395
1743
2392
973
2395
1470
2394
358
2384
1534
2396
1740
2381
1741
2391
1740
2397
1743
2390
1737
2389
1740
2385
1740
2395
1740
2398
974
2393
1471
2392
359
2390
1535
2393
1742
2390
1743
2390
1741
2396
1740
2384
1743
2389
1740
2394
1741
2388
739
2384
357
2382
1535
2388
913
2389
738
2397
1743
2398
1740
2393
1741
2378
1741
2397
1739
2388
1741
2397
1740
2393
1743
2397
1740
2401
1741
2386
1741
2383
1740
2383
1743
2388
1743
2395
1742
2390
1742
2392
1739
2392
1729
2384
1741
2392
741
2385
1414
2384
739
2399
1743
2397
1740
2390
551
2392
1491
2394
1002
2389
1741
2393
1740
2391
1740
2400
1742
2396
1741
2384
1740
2390
1742
2402
1743
2401
1740
2389
1088
2395
357
2396
1473
2398
973
2392
512
2395
1740
2391
1740
2401
1742
2405
0
2393
0
2384
0
2404
0
2389
0
2405
0
2395
0
2388
0
2374
0
2397
0
2397
0
2403
0
2400
0
2407
0
2399
0
2390
0
2395
0
2403
0
2403
0
2386
0
2398
0
2392
0
2394
0
2392
0
2393
0
2418
0
2401
0
2402
0
2389
0
2402
0
2400
0
2390
0
2399
0
2402
0
2409
0
2392
0
2387
0
2403
0
2398
0
2388
0
