1703
655
1700
653
1701
653
1700
1387
1701
0
0
442
1699
361
1699
499
1702
843
1700
0
0
558
0
0
0
0
0
0
935
508
1700
559
1701
0
0
446
1699
0
0
488
1700
537
1701
552
1700
404
0
0
0
0
0
0
1494
0
0
634
1699
264
1701
788
1699
658
1702
598
1699
586
1701
369
1700
592
1699
0
0
0
0
566
0
0
0
0
0
0
1495
603
1701
364
1699
0
0
300
1700
0
0
284
1700
656
1702
0
0
403
1702
0
0
325
1700
0
0
436
0
0
0
0
0
0
0
0
699
303
1700
872
1700
350
1701
366
1701
0
0
276
1699
447
1700
460
1698
514
1700
383
1701
441
1701
0
0
399
1702
738
1699
0
0
0
0
292
1701
0
0
172
1699
428
1699
0
0
208
1700
0
0
190
1700
384
1690
378
1701
363
0
0
0
0
697
480
1700
0
0
198
1701
0
0
149
0
0
0
0
960
779
1699
0
0
397
1702
0
0
239
1699
0
0
124
1702
0
0
372
1701
653
1701
515
1700
0
0
134
1700
0
0
324
1700
604
0
0
0
0
0
0
0
0
471
653
1699
680
1700
0
0