1703
656
1699
658
1700
657
1701
1385
1700
0
0
441
1701
365
1699
500
1701
843
1699
0
0
558
0
0
0
0
0
0
934
509
1698
559
1700
0
0
445
1699
0
0
487
1702
537
1701
552
1703
403
0
0
0
0
0
0
1493
0
0
636
1700
265
1699
788
1699
655
1700
598
1697
587
1699
364
1699
591
1699
0
0
0
0
566
0
0
0
0
0
0
1497
598
1702
360
1702
0
0
303
1700
0
0
281
1700
658
1702
0
0
407
1701
0
0
324
1701
0
0
434
0
0
0
0
0
0
0
0
697
303
1700
877
1701
349
1700
366
1700
0
0
274
1699
445
1703
457
1699
513
1701
385
1699
443
1701
0
0
401
1701
738
1700
0
0
0
0
292
1700
0
0
173
1702
427
1700
0
0
207
1701
0
0
194
1698
383
1689
379
1702
363
0
0
0
0
699
480
1701
0
0
198
1700
0
0
153
0
0
0
0
960
777
1701
0
0
400
1701
0
0
241
1699
0
0
124
1700
0
0
371
1701
654
1700
517
1699
0
0
131
1701
0
0
327
1700
1024
0
0
0
0
0
0
0
0
474
656
1700
390
1700
447
1699
0
0