0	0	0	-0.0119	0.0007	0.0007	-0.0238	0.0015	0.0015	-0.0358	0.0022	0.0022	-0.0477	0.003	0.003	-0.0533	0.0032	0.0032	-0.0528	0.0034	0.0034	-0.0523	0.0036	0.0036	-0.0519	0.0037	0.0037	-0.0514	0.0039	0.0039
-0.0136	0.0002	0.0002	-0.0267	0.0001	0.0001	-0.0385	0.0007	0.0007	-0.0504	0.0013	0.0013	-0.0622	0.002	0.002	-0.0658	0.0018	0.0018	-0.0641	0.0029	0.0029	-0.0625	0.004	0.004	-0.0609	0.0051	0.0051	-0.0643	0.0051	0.0051
-0.0273	0.0005	0.0005	-0.0401	0.0006	0.0006	-0.0515	0.0023	0.0023	-0.063	0.0017	0.0017	-0.0745	0.0011	0.0011	-0.0807	0.002	0.002	-0.0785	0.003	0.003	-0.0763	0.0041	0.0041	-0.0742	0.0064	0.0064	-0.0771	0.0063	0.0063
-0.0409	0.0007	0.0007	-0.0535	0.0012	0.0012	-0.0651	0.0032	0.0032	-0.0791	0.0015	0.0015	-0.0889	0.0032	0.0032	-0.0938	0.0038	0.0038	-0.0927	0.0056	0.0056	-0.0895	0.0056	0.0056	-0.0876	0.0077	0.0077	-0.09	0.0075	0.0075
-0.0546	0.001	0.001	-0.0669	0.0017	0.0017	-0.0787	0.004	0.004	-0.0931	0.0024	0.0024	-0.1027	0.0045	0.0045	-0.105	0.0009	0.0009	-0.1057	0.0069	0.0069	-0.1027	0.007	0.007	-0.1009	0.0091	0.0091	-0.1029	0.0086	0.0086
-0.0692	0.0034	0.0034	-0.0809	0.0039	0.0039	-0.0915	0.0056	0.0056	-0.106	0.0027	0.0027	-0.1152	0.0059	0.0059	-0.1205	0.006	0.006	-0.1192	0.0078	0.0078	-0.1158	0.0086	0.0086	-0.1144	0.0109	0.0109	-0.1168	0.0099	0.0099
-0.0837	0.0031	0.0031	-0.0949	0.0037	0.0037	-0.1058	0.0054	0.0054	-0.1203	0.0039	0.0039	-0.13	0.0064	0.0064	-0.1324	0.0074	0.0074	-0.1337	0.0101	0.0101	-0.1304	0.0094	0.0094	-0.1286	0.011	0.011	-0.1313	0.0098	0.0098
-0.0982	0.0029	0.0029	-0.1088	0.0034	0.0034	-0.1201	0.0052	0.0052	-0.1324	0.006	0.006	-0.1448	0.0068	0.0068	-0.1485	0.0071	0.0071	-0.1468	0.0086	0.0086	-0.145	0.0102	0.0102	-0.1429	0.0111	0.0111	-0.1458	0.0098	0.0098
-0.1127	0.0026	0.0026	-0.1228	0.0032	0.0032	-0.1352	0.0039	0.0039	-0.1475	0.0047	0.0047	-0.1599	0.0055	0.0055	-0.1627	0.0058	0.0058	-0.1609	0.0076	0.0076	-0.159	0.0094	0.0094	-0.1571	0.0112	0.0112	-0.1603	0.0098	0.0098
-0.1271	0.0023	0.0023	-0.1386	0.0032	0.0032	-0.1501	0.0041	0.0041	-0.1615	0.0050	0.0050	-0.1729	0.0060	0.0060	-0.1787	0.0059	0.0059	-0.1779	0.0072	0.0072	-0.1771	0.0084	0.0084	-0.1763	0.0096	0.0096	-0.1755	0.0109	0.0109
-0.1419	0.0028	0.0028	-0.1550	0.0023	0.0023	-0.1667	0.0037	0.0037	-0.1785	0.0052	0.0052	-0.1902	0.0066	0.0066	-0.1931	0.0062	0.0062	-0.1915	0.0079	0.0079	-0.1900	0.0095	0.0095	-0.1885	0.0112	0.0112	-0.1901	0.0120	0.0120
-0.1566	0.0033	0.0033	-0.1700	0.0028	0.0028	-0.1801	0.0062	0.0062	-0.1921	0.0062	0.0062	-0.2040	0.0062	0.0062	-0.2088	0.0070	0.0070	-0.2066	0.0084	0.0084	-0.2044	0.0096	0.0096	-0.2029	0.0123	0.0123	-0.2046	0.0131	0.0131
-0.1714	0.0038	0.0038	-0.1850	0.0033	0.0033	-0.1957	0.0072	0.0072	-0.2074	0.0072	0.0072	-0.2189	0.0083	0.0083	-0.2247	0.0077	0.0077	-0.2239	0.0102	0.0102	-0.2192	0.0108	0.0108	-0.2173	0.0135	0.0135	-0.2191	0.0143	0.0143
-0.1862	0.0043	0.0043	-0.2000	0.0038	0.0038	-0.2113	0.0083	0.0083	-0.2248	0.0056	0.0056	-0.2345	0.0099	0.0099	-0.2369	0.0065	0.0065	-0.2375	0.0116	0.0116	-0.2340	0.0120	0.0120	-0.2317	0.0146	0.0146	-0.2336	0.0154	0.0154
-0.2015	0.0053	0.0053	-0.2149	0.0032	0.0032	-0.2233	0.0076	0.0076	-0.2376	0.0048	0.0048	-0.2475	0.0080	0.0080	-0.2539	0.0072	0.0072	-0.2509	0.0106	0.0106	-0.2474	0.0136	0.0136	-0.2452	0.0165	0.0165	-0.2482	0.0158	0.0158
-0.2157	0.0043	0.0043	-0.2278	0.0035	0.0035	-0.2374	0.0070	0.0070	-0.2514	0.0035	0.0035	-0.2604	0.0096	0.0096	-0.2641	0.0099	0.0099	-0.2645	0.0129	0.0129	-0.2615	0.0129	0.0129	-0.2592	0.0153	0.0153	-0.2623	0.0152	0.0152
-0.2298	0.0032	0.0032	-0.2407	0.0039	0.0039	-0.2514	0.0065	0.0065	-0.2632	0.0081	0.0081	-0.2750	0.0096	0.0096	-0.2796	0.0099	0.0099	-0.2776	0.0111	0.0111	-0.2756	0.0122	0.0122	-0.2732	0.0140	0.0140	-0.2764	0.0147	0.0147
-0.2440	0.0022	0.0022	-0.2536	0.0042	0.0042	-0.2657	0.0051	0.0051	-0.2778	0.0061	0.0061	-0.2899	0.0071	0.0071	-0.2944	0.0089	0.0089	-0.2920	0.0102	0.0102	-0.2896	0.0115	0.0115	-0.2871	0.0128	0.0128	-0.2905	0.0141	0.0141
-0.2581	0.0012	0.0012	-0.2694	0.0025	0.0025	-0.2807	0.0036	0.0036	-0.2919	0.0049	0.0049	-0.3031	0.0061	0.0061	-0.3081	0.0085	0.0085	-0.3072	0.0098	0.0098	-0.3063	0.0110	0.0110	-0.3055	0.0123	0.0123	-0.3047	0.0136	0.0136