1306
655
1912
655
1912
654
1907
655
1912
656
1912
654
1913
1248
1908
846
1437
595
1907
657
1910
655
1911
1055
1912
608
1235
380
1906
1246
1910
742
1354
833
1913
846
1912
1203
1911
654
1907
655
1910
658
1911
656
1906
1246
1911
655
1913
442
1913
443
1913
443
1907
1250
1913
506
1907
440
1908
654
1911
1103
1913
441
1909
443
1920
443
1910
1248
1911
655
1907
442
1908
442
1912
654
1910
845
1907
441
1912
441
1907
842
1889
448
1910
1105
1912
845
1906
844
1905
738
1880
442
1905
443
1910
656
1910
848
1907
656
1910
449
1847
735
1912
654
1892
654
1907
1107
1913
442
1906
444
1912
3541
21
353
18
242
23
247
20
325
19
380
20
1999
19
352
19
339
19
366
20
300
19
336
21
1977
19
389
18
239
18
321
18
286
19
245
21
257
23
2121
21
265
18
314
19
262
20
253
18
300
19
297
20
2064
22
240
18
389
18
350
19
368
20
260
21
1387
19
351
21
336
18
345
19
1320
21
348
18
347
18
346
21
