2376
1743
2383
1740
2392
1740
2386
1740
2384
1740
2377
1740
2380
1742
2382
1743
2374
1739
2380
1529
2376
357
2378
1478
2380
974
2365
1739
2381
1740
2377
1740
2372
1740
2376
1743
2376
1741
2375
971
2379
1470
2383
359
2384
1534
2369
1741
2378
1740
2378
1740
2367
1741
2379
1736
2369
1741
2380
1740
2376
1741
2388
971
2374
1472
2374
360
2381
1536
2376
1740
2370
1741
2373
1742
2390
1741
2376
1740
2388
1739
2374
1742
2378
738
2377
358
2378
1536
2379
917
2370
740
2379
1742
2367
1740
2377
1741
2374
1740
2380
1742
2380
1740
2385
1740
2376
1740
2395
1740
2380
1743
2371
1740
2382
1741
2376
1741
2382
1742
2377
1741
2388
1740
2377
1740
2381
1728
2383
1740
2389
739
2380
1414
2377
738
2373
1744
2382
1744
2378
553
2375
1488
2394
1000
2380
1740
2368
1741
2381
1740
2379
1741
2386
1739
2379
1740
2387
1740
2363
1742
2374
1741
2374
1088
2384
358
2364
1469
2374
973
2378
510
2383
1743
2380
1740
