2408
1740
2406
1740
2395
1743
2402
1740
2411
1741
2397
1740
2406
1740
2407
1742
2415
1740
2408
1530
2400
357
2397
1478
2410
973
2404
1739
2405
1742
2403
1739
2389
1741
2397
1740
2403
1740
2399
975
2398
1470
2416
358
2401
1534
2413
1741
2392
1742
2401
1739
2402
1740
2395
1735
2402
1741
2402
1740
2400
1740
2403
974
2394
1470
2404
357
2404
1537
2403
1742
2401
1741
2409
1741
2403
1742
2410
1740
2408
1740
2399
1740
2396
740
2397
358
2398
1537
2407
915
2401
739
2403
1741
2400
1741
2409
1740
2396
1741
2404
1740
2411
1740
2399
1743
2410
1742
2396
1743
2405
1740
2408
1740
2402
1740
2399
1741
2411
1742
2402
1740
2408
1741
2406
1742
2399
1731
2393
1742
2401
742
2394
1414
2405
738
2417
1740
2397
1742
2393
552
2401
1488
2411
1002
2405
1740
2414
1739
2413
1738
2406
1740
2398
1740
2394
1745
2397
1741
2396
1739
2410
1744
2413
1090
2408
357
2400
1472
2401
974
2398
511
2404
1739
2404
1742
2399
1741
